D 58 3 9 95 3.2103 13.8862
D 10 3 18 95 -9.47489 20.5061
D 1 3 88 95 -28.4185 25.7835
D 5 3 97 95 -16.1865 25.8638
D 3 3 63 95 -19.9526 24.7871
D 1 3 98 95 -29.0789 25.9756
D 30 3 60 95 -0.547874 23.3257
D 2 3 80 95 -23.6006 25.4511
D 58 3 33 95 2.70923 20.1534
D 12 3 72 95 -7.69972 25.059
D 34 3 80 95 -0.728846 24.3593
D 4 3 73 95 -17.5837 25.367
D 5 3 73 95 -16.0403 24.8481
D 1 3 59 95 -29.8012 24.8388
D 8 3 73 95 -11.013 24.5453
D 10 3 73 95 -10.1734 25.0127
D 1 3 80 95 -29.2323 25.4349
D 18 3 64 95 -5.36042 24.2969
D 9 3 62 95 -11.0785 24.594
D 3 3 87 95 -19.8701 25.6552
D 13 3 84 95 -7.6435 24.522
D 2 3 87 95 -24.4528 25.6696
D 4 3 64 95 -17.1915 24.7323
D 3 3 69 95 -19.3902 24.9914
D 16 3 62 95 -6.72806 24.056
D 19 3 61 95 -4.65688 24.116
D 23 3 61 95 -4.03044 23.8289
D 34 3 66 95 -0.421883 23.7258
D 48 3 63 95 1.99967 22.932
D 31 3 60 95 -1.56873 23.7223
D 55 3 85 95 2.33818 23.6107
D 15 3 64 95 -6.8513 24.0062
D 6 3 64 95 -12.9784 24.5518
D 11 3 85 95 -9.42937 25.4737
D 24 3 86 95 -3.44409 24.7817
D 8 3 85 95 -12.3815 25.3727
D 2 3 65 95 -23.6848 25.058
D 26 3 66 95 -2.32838 23.8396
D 1 3 65 95 -28.755 25.2606
D 30 3 83 95 -1.31601 24.5824
D 1 4 88 95 -47.6652 25.4349
D 5 4 97 95 -27.5436 25.3388
D 3 4 63 95 -35.411 24.7275
D 1 4 98 95 -48.0002 25.686
D 30 4 60 95 -6.30078 23.2272
D 2 4 80 95 -39.4283 25.1455
D 58 4 33 95 0.502252 18.7059
D 12 4 72 95 -16.823 24.2767
D 34 4 80 95 -5.34174 23.311
D 4 4 73 95 -30.6672 24.9161
D 5 4 73 95 -26.9983 24.8481
D 1 4 59 95 -48.285 24.7789
D 8 4 73 95 -21.8778 24.451
D 10 4 73 95 -18.5655 24.4785
D 1 4 80 95 -48.031 25.3296
D 18 4 64 95 -11.1518 23.6711
D 9 4 62 95 -19.0312 24.2167
D 3 4 87 95 -34.7355 25.5878
D 13 4 84 95 -15.225 24.7
D 2 4 87 95 -39.2642 25.717
D 4 4 64 95 -30.5788 24.512
D 3 4 69 95 -34.6271 24.8362
D 16 4 62 95 -13.319 23.6043
D 19 4 61 95 -10.347 23.4715
D 23 4 61 95 -8.25172 23.5198
D 34 4 66 95 -4.20427 22.8686
D 48 4 63 95 -1.15474 21.9844
D 31 4 60 95 -5.54014 22.9137
D 55 4 85 95 -0.431132 22.2254
D 15 4 64 95 -13.3816 23.8353
D 6 4 64 95 -25.2802 24.2418
D 11 4 85 95 -16.8822 25.1399
D 24 4 86 95 -8.4505 24.4666
D 8 4 85 95 -20.8618 25.2433
D 2 4 65 95 -38.4676 24.677
D 26 4 66 95 -8.31174 23.2328
D 1 4 65 95 -48.7842 24.8307
D 30 4 83 95 -5.74189 24.0098
D 84 3 28 95 4.77137 17.7064
D 62 3 30 95 2.92683 19.0617
G -1 3 28 95 5 13.5
G -1 3 73 95 4.7 17.3
D 2 3 28 95 -23.459 21.8977
D 1 3 30 95 -29.2708 22.856
G -1 3 60 95 5.1 16.2
D 193 3 62 95 5.42668 18.3159
D 89 3 62 95 4.93264 21.1056
D 78 3 60 95 4.26427 21.4725
D 67 3 60 95 3.02555 21.9615
D 27 3 63 95 -1.6862 23.5834
D 34 3 97 95 -0.851645 24.7267
D 32 3 80 95 -1.31642 23.9932
D 10 3 64 95 -9.47771 24.4096
D 16 3 85 95 -6.63188 24.6283
D 17 3 62 95 -5.05644 23.9592
D 46 3 65 95 0.66235 23.4268
G -1 3 18 95 5.1 11.7
D 22 3 18 95 -3.28556 19.5645
D 58 3 21 95 2.7128 18.7388
G -1 3 9 95 4.6 9.5
D 74 3 9 95 3.62718 13.8928
D 21 3 18 95 -4.1967 18.4711
D 85 3 9 95 4.82193 13.3208
D 122 3 9 95 5.56714 12.5149
D 13 3 18 95 -7.27427 17.5254
D 23 3 21 95 -2.96194 20.1669
D 51 3 9 95 1.56965 14.0016
D 40 3 9 95 0.462595 14.3046
D 54 3 9 95 2.6922 14.1852
D 28 3 63 95 -1.41501 23.5292
D 37 3 97 95 -0.308272 24.7148
D 11 3 64 95 -9.81127 24.6027
D 17 3 85 95 -5.23655 25.1898
D 51 3 65 95 1.37624 22.7755
D 137 3 68 95 5.67785 21.1637
G -1 3 85 95 5.1 17.8
G -1 3 85 95 5.1 17.8
D 220 3 85 95 5.3196 19.2675
D 273 3 68 95 4.76304 17.0007
G -1 3 66 95 5.1 16.7
G -1 3 97 95 5.1 18.5
D 22 3 63 95 -3.43048 24.4401
D 52 3 97 95 2.45815 24.6925
D 37 3 80 95 -0.00824764 23.9879
D 4 3 87 95 -16.9675 25.367
D 90 3 62 95 4.08754 21.2418
D 12 3 65 95 -7.77847 24.2315
D 19 3 73 95 -4.85665 24.4449
D 1 3 73 95 -30.1817 25.1246
G -1 3 34 95 5.1 14.1
G -1 3 79 95 4.9 18
D 136 3 68 95 5.68104 21.1748
D 130 3 68 95 5.34505 20.7269
D 88 3 85 95 5.48222 22.3636
B 50 3 226 95 5.59198 23.6404
G -1 4 226 95 5.3 20.1
D 211 4 226 95 5.44096 22.0536
G -1 3 226 95 4.7 21.7
D 146 3 226 95 5.53969 25.5493
B 30 3 226 95 4.23612 18.2204
B 20 3 226 95 3.48258 15.7484
D 113 3 226 95 5.47333 26.1259
D 105 3 245 95 4.87141 27.0808
G -1 3 245 95 5 22
D 172 3 245 95 5.37038 25.2138
D 28 4 63 95 -6.32977 23.0626
D 37 4 97 95 -3.15981 23.9552
D 11 4 64 95 -18.3631 24.245
D 17 4 85 95 -13.0472 24.6392
D 51 4 65 95 -1.24416 22.1667
